0 0 0
1 0 0
2 0 0
3 0 0
4 0 0
0 0 0
0 0 0
0 0 0.101478271450503
0 0 0.202547925717999
0 0 0.302801990976656
0 0 0.401836779489727
0 0 0.499253513117579
0 0 0.594659929056524
0 0 0.687671859342675
0 0 0.777914777760750
0 0 0.865025307928956
0 0 0.948652686487425
0 0 1.02846017549846
0 0 1.10412641837138
0 0 1.17534673385205
0 0 1.24183434286681
0 0 1.30332152328054
0 0 1.35956068791922
0 0 1.41032538151613
0 0 1.45541119256723
0 0 1.49463657642417
0 0 1.52784358631052
0 0 1.55489850931767
0 0 1.57569240481953
0 0 1.59014154313801
0 0 1.59818774269281
0 0 1.59979860427820
0 0 1.59496764152311
0 0 1.58371430700949
0 0 1.56608391394365
0 0 1.54214745369591
0 0 1.51200130994347
0 0 1.47576687056733
0 0 1.43359003886614
0 0 1.38564064605510
0 0 1.33211176741563
0 0 1.27321894484933
0 0 1.20919931896681
0 0 1.14031067420618
0 0 1.06683040082607
0 0 0.989054377952969
0 0 0.907295782180433
0 0 0.821883826517451
0 0 0.733162434763857
0 0 0.641488856650582
0 0 0.547232229321071
0 0 0.450772090946288
0 0 0.352496852458465
0 0 0.252802233557360
0 0 0.152089669286693
0 0 0.0507646935969090
0 0 -0.0507646935969086
0 0 -0.152089669286692
0 0 -0.252802233557360
0 0 -0.352496852458465
0 0 -0.450772090946287
0 0 -0.547232229321070
0 0 -0.641488856650581
0 0 -0.733162434763856
0 0 -0.821883826517450
0 0 -0.907295782180433
0 0 -0.989054377952968
0 0 -1.06683040082607
0 0 -1.14031067420618
0 0 -1.20919931896681
0 0 -1.27321894484933
0 0 -1.33211176741563
0 0 -1.38564064605510
0 0 -1.43359003886614
0 0 -1.47576687056733
0 0 -1.51200130994347
0 0 -1.54214745369591
0 0 -1.56608391394365
0 0 -1.58371430700949
0 0 -1.59496764152311
0 0 -1.59979860427820
0 0 -1.59818774269281
0 0 -1.59014154313801
0 0 -1.57569240481953
0 0 -1.55489850931767
0 0 -1.52784358631052
0 0 -1.49463657642417
0 0 -1.45541119256723
0 0 -1.41032538151613
0 0 -1.35956068791922
0 0 -1.30332152328054
0 0 -1.24183434286681
0 0 -1.17534673385205
0 0 -1.10412641837138
0 0 -1.02846017549846
0 0 -0.948652686487424
0 0 -0.865025307928956
0 0 -0.777914777760750
0 0 -0.687671859342675
0 0 -0.594659929056525
0 0 -0.499253513117579
0 0 -0.401836779489727
0 0 -0.302801990976657
0 0 -0.202547925718000
0 0 -0.101478271450505
0 0 -3.91886975727153e-16
0 -3.91886975727153e-16 0
0 -0.101478271450503 0
0 -0.202547925718000 0
0 -0.302801990976657 0
0 -0.401836779489727 0
0 -0.499253513117579 0
0 -0.594659929056525 0
0 -0.687671859342675 0
0 -0.777914777760750 0
0 -0.865025307928956 0
0 -0.948652686487425 0
0 -1.02846017549846 0
0 -1.10412641837138 0
0 -1.17534673385205 0
0 -1.24183434286681 0
0 -1.30332152328054 0
0 -1.35956068791922 0
0 -1.41032538151613 0
0 -1.45541119256723 0
0 -1.49463657642417 0
0 -1.52784358631052 0
0 -1.55489850931767 0
0 -1.57569240481953 0
0 -1.59014154313801 0
0 -1.59818774269281 0
0 -1.59979860427820 0
0 -1.59496764152311 0
0 -1.58371430700949 0
0 -1.56608391394365 0
0 -1.54214745369591 0
0 -1.51200130994347 0
0 -1.47576687056733 0
0 -1.43359003886614 0
0 -1.38564064605510 0
0 -1.33211176741563 0
0 -1.27321894484933 0
0 -1.20919931896681 0
0 -1.14031067420618 0
0 -1.06683040082607 0
0 -0.989054377952969 0
0 -0.907295782180433 0
0 -0.821883826517450 0
0 -0.733162434763857 0
0 -0.641488856650582 0
0 -0.547232229321071 0
0 -0.450772090946287 0
0 -0.352496852458465 0
0 -0.252802233557359 0
0 -0.152089669286692 0
0 -0.0507646935969086 0
0 0.0507646935969090 0
0 0.152089669286693 0
0 0.252802233557361 0
0 0.352496852458465 0
0 0.450772090946288 0
0 0.547232229321070 0
0 0.641488856650582 0
0 0.733162434763856 0
0 0.821883826517451 0
0 0.907295782180433 0
0 0.989054377952968 0
0 1.06683040082607 0
0 1.14031067420618 0
0 1.20919931896681 0
0 1.27321894484933 0
0 1.33211176741563 0
0 1.38564064605510 0
0 1.43359003886614 0
0 1.47576687056733 0
0 1.51200130994347 0
0 1.54214745369591 0
0 1.56608391394365 0
0 1.58371430700949 0
0 1.59496764152311 0
0 1.59979860427820 0
0 1.59818774269281 0
0 1.59014154313801 0
0 1.57569240481953 0
0 1.55489850931767 0
0 1.52784358631052 0
0 1.49463657642417 0
0 1.45541119256723 0
0 1.41032538151613 0
0 1.35956068791922 0
0 1.30332152328054 0
0 1.24183434286681 0
0 1.17534673385205 0
0 1.10412641837138 0
0 1.02846017549846 0
0 0.948652686487424 0
0 0.865025307928956 0
0 0.777914777760750 0
0 0.687671859342675 0
0 0.594659929056525 0
0 0.499253513117579 0
0 0.401836779489727 0
0 0.302801990976657 0
0 0.202547925718000 0
0 0.101478271450504 0
0 0 0
1 0 0
1 0 0.101478271450503
1 0 0.202547925717999
1 0 0.302801990976656
1 0 0.401836779489727
1 0 0.499253513117579
1 0 0.594659929056524
1 0 0.687671859342675
1 0 0.777914777760750
1 0 0.865025307928956
1 0 0.948652686487425
1 0 1.02846017549846
1 0 1.10412641837138
1 0 1.17534673385205
1 0 1.24183434286681
1 0 1.30332152328054
1 0 1.35956068791922
1 0 1.41032538151613
1 0 1.45541119256723
1 0 1.49463657642417
1 0 1.52784358631052
1 0 1.55489850931767
1 0 1.57569240481953
1 0 1.59014154313801
1 0 1.59818774269281
1 0 1.59979860427820
1 0 1.59496764152311
1 0 1.58371430700949
1 0 1.56608391394365
1 0 1.54214745369591
1 0 1.51200130994347
1 0 1.47576687056733
1 0 1.43359003886614
1 0 1.38564064605510
1 0 1.33211176741563
1 0 1.27321894484933
1 0 1.20919931896681
1 0 1.14031067420618
1 0 1.06683040082607
1 0 0.989054377952969
1 0 0.907295782180433
1 0 0.821883826517451
1 0 0.733162434763857
1 0 0.641488856650582
1 0 0.547232229321071
1 0 0.450772090946288
1 0 0.352496852458465
1 0 0.252802233557360
1 0 0.152089669286693
1 0 0.0507646935969090
1 0 -0.0507646935969086
1 0 -0.152089669286692
1 0 -0.252802233557360
1 0 -0.352496852458465
1 0 -0.450772090946287
1 0 -0.547232229321070
1 0 -0.641488856650581
1 0 -0.733162434763856
1 0 -0.821883826517450
1 0 -0.907295782180433
1 0 -0.989054377952968
1 0 -1.06683040082607
1 0 -1.14031067420618
1 0 -1.20919931896681
1 0 -1.27321894484933
1 0 -1.33211176741563
1 0 -1.38564064605510
1 0 -1.43359003886614
1 0 -1.47576687056733
1 0 -1.51200130994347
1 0 -1.54214745369591
1 0 -1.56608391394365
1 0 -1.58371430700949
1 0 -1.59496764152311
1 0 -1.59979860427820
1 0 -1.59818774269281
1 0 -1.59014154313801
1 0 -1.57569240481953
1 0 -1.55489850931767
1 0 -1.52784358631052
1 0 -1.49463657642417
1 0 -1.45541119256723
1 0 -1.41032538151613
1 0 -1.35956068791922
1 0 -1.30332152328054
1 0 -1.24183434286681
1 0 -1.17534673385205
1 0 -1.10412641837138
1 0 -1.02846017549846
1 0 -0.948652686487424
1 0 -0.865025307928956
1 0 -0.777914777760750
1 0 -0.687671859342675
1 0 -0.594659929056525
1 0 -0.499253513117579
1 0 -0.401836779489727
1 0 -0.302801990976657
1 0 -0.202547925718000
1 0 -0.101478271450505
1 0 -3.91886975727153e-16
1 -3.91886975727153e-16 0
1 -0.101478271450503 0
1 -0.202547925718000 0
1 -0.302801990976657 0
1 -0.401836779489727 0
1 -0.499253513117579 0
1 -0.594659929056525 0
1 -0.687671859342675 0
1 -0.777914777760750 0
1 -0.865025307928956 0
1 -0.948652686487425 0
1 -1.02846017549846 0
1 -1.10412641837138 0
1 -1.17534673385205 0
1 -1.24183434286681 0
1 -1.30332152328054 0
1 -1.35956068791922 0
1 -1.41032538151613 0
1 -1.45541119256723 0
1 -1.49463657642417 0
1 -1.52784358631052 0
1 -1.55489850931767 0
1 -1.57569240481953 0
1 -1.59014154313801 0
1 -1.59818774269281 0
1 -1.59979860427820 0
1 -1.59496764152311 0
1 -1.58371430700949 0
1 -1.56608391394365 0
1 -1.54214745369591 0
1 -1.51200130994347 0
1 -1.47576687056733 0
1 -1.43359003886614 0
1 -1.38564064605510 0
1 -1.33211176741563 0
1 -1.27321894484933 0
1 -1.20919931896681 0
1 -1.14031067420618 0
1 -1.06683040082607 0
1 -0.989054377952969 0
1 -0.907295782180433 0
1 -0.821883826517450 0
1 -0.733162434763857 0
1 -0.641488856650582 0
1 -0.547232229321071 0
1 -0.450772090946287 0
1 -0.352496852458465 0
1 -0.252802233557359 0
1 -0.152089669286692 0
1 -0.0507646935969086 0
1 0.0507646935969090 0
1 0.152089669286693 0
1 0.252802233557361 0
1 0.352496852458465 0
1 0.450772090946288 0
1 0.547232229321070 0
1 0.641488856650582 0
1 0.733162434763856 0
1 0.821883826517451 0
1 0.907295782180433 0
1 0.989054377952968 0
1 1.06683040082607 0
1 1.14031067420618 0
1 1.20919931896681 0
1 1.27321894484933 0
1 1.33211176741563 0
1 1.38564064605510 0
1 1.43359003886614 0
1 1.47576687056733 0
1 1.51200130994347 0
1 1.54214745369591 0
1 1.56608391394365 0
1 1.58371430700949 0
1 1.59496764152311 0
1 1.59979860427820 0
1 1.59818774269281 0
1 1.59014154313801 0
1 1.57569240481953 0
1 1.55489850931767 0
1 1.52784358631052 0
1 1.49463657642417 0
1 1.45541119256723 0
1 1.41032538151613 0
1 1.35956068791922 0
1 1.30332152328054 0
1 1.24183434286681 0
1 1.17534673385205 0
1 1.10412641837138 0
1 1.02846017549846 0
1 0.948652686487424 0
1 0.865025307928956 0
1 0.777914777760750 0
1 0.687671859342675 0
1 0.594659929056525 0
1 0.499253513117579 0
1 0.401836779489727 0
1 0.302801990976657 0
1 0.202547925718000 0
1 0.101478271450504 0
1 0 0
2 0 0
2 0 0.101478271450503
2 0 0.202547925717999
2 0 0.302801990976656
2 0 0.401836779489727
2 0 0.499253513117579
2 0 0.594659929056524
2 0 0.687671859342675
2 0 0.777914777760750
2 0 0.865025307928956
2 0 0.948652686487425
2 0 1.02846017549846
2 0 1.10412641837138
2 0 1.17534673385205
2 0 1.24183434286681
2 0 1.30332152328054
2 0 1.35956068791922
2 0 1.41032538151613
2 0 1.45541119256723
2 0 1.49463657642417
2 0 1.52784358631052
2 0 1.55489850931767
2 0 1.57569240481953
2 0 1.59014154313801
2 0 1.59818774269281
2 0 1.59979860427820
2 0 1.59496764152311
2 0 1.58371430700949
2 0 1.56608391394365
2 0 1.54214745369591
2 0 1.51200130994347
2 0 1.47576687056733
2 0 1.43359003886614
2 0 1.38564064605510
2 0 1.33211176741563
2 0 1.27321894484933
2 0 1.20919931896681
2 0 1.14031067420618
2 0 1.06683040082607
2 0 0.989054377952969
2 0 0.907295782180433
2 0 0.821883826517451
2 0 0.733162434763857
2 0 0.641488856650582
2 0 0.547232229321071
2 0 0.450772090946288
2 0 0.352496852458465
2 0 0.252802233557360
2 0 0.152089669286693
2 0 0.0507646935969090
2 0 -0.0507646935969086
2 0 -0.152089669286692
2 0 -0.252802233557360
2 0 -0.352496852458465
2 0 -0.450772090946287
2 0 -0.547232229321070
2 0 -0.641488856650581
2 0 -0.733162434763856
2 0 -0.821883826517450
2 0 -0.907295782180433
2 0 -0.989054377952968
2 0 -1.06683040082607
2 0 -1.14031067420618
2 0 -1.20919931896681
2 0 -1.27321894484933
2 0 -1.33211176741563
2 0 -1.38564064605510
2 0 -1.43359003886614
2 0 -1.47576687056733
2 0 -1.51200130994347
2 0 -1.54214745369591
2 0 -1.56608391394365
2 0 -1.58371430700949
2 0 -1.59496764152311
2 0 -1.59979860427820
2 0 -1.59818774269281
2 0 -1.59014154313801
2 0 -1.57569240481953
2 0 -1.55489850931767
2 0 -1.52784358631052
2 0 -1.49463657642417
2 0 -1.45541119256723
2 0 -1.41032538151613
2 0 -1.35956068791922
2 0 -1.30332152328054
2 0 -1.24183434286681
2 0 -1.17534673385205
2 0 -1.10412641837138
2 0 -1.02846017549846
2 0 -0.948652686487424
2 0 -0.865025307928956
2 0 -0.777914777760750
2 0 -0.687671859342675
2 0 -0.594659929056525
2 0 -0.499253513117579
2 0 -0.401836779489727
2 0 -0.302801990976657
2 0 -0.202547925718000
2 0 -0.101478271450505
2 0 -3.91886975727153e-16
2 -3.91886975727153e-16 0
2 -0.101478271450503 0
2 -0.202547925718000 0
2 -0.302801990976657 0
2 -0.401836779489727 0
2 -0.499253513117579 0
2 -0.594659929056525 0
2 -0.687671859342675 0
2 -0.777914777760750 0
2 -0.865025307928956 0
2 -0.948652686487425 0
2 -1.02846017549846 0
2 -1.10412641837138 0
2 -1.17534673385205 0
2 -1.24183434286681 0
2 -1.30332152328054 0
2 -1.35956068791922 0
2 -1.41032538151613 0
2 -1.45541119256723 0
2 -1.49463657642417 0
2 -1.52784358631052 0
2 -1.55489850931767 0
2 -1.57569240481953 0
2 -1.59014154313801 0
2 -1.59818774269281 0
2 -1.59979860427820 0
2 -1.59496764152311 0
2 -1.58371430700949 0
2 -1.56608391394365 0
2 -1.54214745369591 0
2 -1.51200130994347 0
2 -1.47576687056733 0
2 -1.43359003886614 0
2 -1.38564064605510 0
2 -1.33211176741563 0
2 -1.27321894484933 0
2 -1.20919931896681 0
2 -1.14031067420618 0
2 -1.06683040082607 0
2 -0.989054377952969 0
2 -0.907295782180433 0
2 -0.821883826517450 0
2 -0.733162434763857 0
2 -0.641488856650582 0
2 -0.547232229321071 0
2 -0.450772090946287 0
2 -0.352496852458465 0
2 -0.252802233557359 0
2 -0.152089669286692 0
2 -0.0507646935969086 0
2 0.0507646935969090 0
2 0.152089669286693 0
2 0.252802233557361 0
2 0.352496852458465 0
2 0.450772090946288 0
2 0.547232229321070 0
2 0.641488856650582 0
2 0.733162434763856 0
2 0.821883826517451 0
2 0.907295782180433 0
2 0.989054377952968 0
2 1.06683040082607 0
2 1.14031067420618 0
2 1.20919931896681 0
2 1.27321894484933 0
2 1.33211176741563 0
2 1.38564064605510 0
2 1.43359003886614 0
2 1.47576687056733 0
2 1.51200130994347 0
2 1.54214745369591 0
2 1.56608391394365 0
2 1.58371430700949 0
2 1.59496764152311 0
2 1.59979860427820 0
2 1.59818774269281 0
2 1.59014154313801 0
2 1.57569240481953 0
2 1.55489850931767 0
2 1.52784358631052 0
2 1.49463657642417 0
2 1.45541119256723 0
2 1.41032538151613 0
2 1.35956068791922 0
2 1.30332152328054 0
2 1.24183434286681 0
2 1.17534673385205 0
2 1.10412641837138 0
2 1.02846017549846 0
2 0.948652686487424 0
2 0.865025307928956 0
2 0.777914777760750 0
2 0.687671859342675 0
2 0.594659929056525 0
2 0.499253513117579 0
2 0.401836779489727 0
2 0.302801990976657 0
2 0.202547925718000 0
2 0.101478271450504 0
2 0 0
3 0 0
3 0 0.101478271450503
3 0 0.202547925717999
3 0 0.302801990976656
3 0 0.401836779489727
3 0 0.499253513117579
3 0 0.594659929056524
3 0 0.687671859342675
3 0 0.777914777760750
3 0 0.865025307928956
3 0 0.948652686487425
3 0 1.02846017549846
3 0 1.10412641837138
3 0 1.17534673385205
3 0 1.24183434286681
3 0 1.30332152328054
3 0 1.35956068791922
3 0 1.41032538151613
3 0 1.45541119256723
3 0 1.49463657642417
3 0 1.52784358631052
3 0 1.55489850931767
3 0 1.57569240481953
3 0 1.59014154313801
3 0 1.59818774269281
3 0 1.59979860427820
3 0 1.59496764152311
3 0 1.58371430700949
3 0 1.56608391394365
3 0 1.54214745369591
3 0 1.51200130994347
3 0 1.47576687056733
3 0 1.43359003886614
3 0 1.38564064605510
3 0 1.33211176741563
3 0 1.27321894484933
3 0 1.20919931896681
3 0 1.14031067420618
3 0 1.06683040082607
3 0 0.989054377952969
3 0 0.907295782180433
3 0 0.821883826517451
3 0 0.733162434763857
3 0 0.641488856650582
3 0 0.547232229321071
3 0 0.450772090946288
3 0 0.352496852458465
3 0 0.252802233557360
3 0 0.152089669286693
3 0 0.0507646935969090
3 0 -0.0507646935969086
3 0 -0.152089669286692
3 0 -0.252802233557360
3 0 -0.352496852458465
3 0 -0.450772090946287
3 0 -0.547232229321070
3 0 -0.641488856650581
3 0 -0.733162434763856
3 0 -0.821883826517450
3 0 -0.907295782180433
3 0 -0.989054377952968
3 0 -1.06683040082607
3 0 -1.14031067420618
3 0 -1.20919931896681
3 0 -1.27321894484933
3 0 -1.33211176741563
3 0 -1.38564064605510
3 0 -1.43359003886614
3 0 -1.47576687056733
3 0 -1.51200130994347
3 0 -1.54214745369591
3 0 -1.56608391394365
3 0 -1.58371430700949
3 0 -1.59496764152311
3 0 -1.59979860427820
3 0 -1.59818774269281
3 0 -1.59014154313801
3 0 -1.57569240481953
3 0 -1.55489850931767
3 0 -1.52784358631052
3 0 -1.49463657642417
3 0 -1.45541119256723
3 0 -1.41032538151613
3 0 -1.35956068791922
3 0 -1.30332152328054
3 0 -1.24183434286681
3 0 -1.17534673385205
3 0 -1.10412641837138
3 0 -1.02846017549846
3 0 -0.948652686487424
3 0 -0.865025307928956
3 0 -0.777914777760750
3 0 -0.687671859342675
3 0 -0.594659929056525
3 0 -0.499253513117579
3 0 -0.401836779489727
3 0 -0.302801990976657
3 0 -0.202547925718000
3 0 -0.101478271450505
3 0 -3.91886975727153e-16
3 -3.91886975727153e-16 0
3 -0.101478271450503 0
3 -0.202547925718000 0
3 -0.302801990976657 0
3 -0.401836779489727 0
3 -0.499253513117579 0
3 -0.594659929056525 0
3 -0.687671859342675 0
3 -0.777914777760750 0
3 -0.865025307928956 0
3 -0.948652686487425 0
3 -1.02846017549846 0
3 -1.10412641837138 0
3 -1.17534673385205 0
3 -1.24183434286681 0
3 -1.30332152328054 0
3 -1.35956068791922 0
3 -1.41032538151613 0
3 -1.45541119256723 0
3 -1.49463657642417 0
3 -1.52784358631052 0
3 -1.55489850931767 0
3 -1.57569240481953 0
3 -1.59014154313801 0
3 -1.59818774269281 0
3 -1.59979860427820 0
3 -1.59496764152311 0
3 -1.58371430700949 0
3 -1.56608391394365 0
3 -1.54214745369591 0
3 -1.51200130994347 0
3 -1.47576687056733 0
3 -1.43359003886614 0
3 -1.38564064605510 0
3 -1.33211176741563 0
3 -1.27321894484933 0
3 -1.20919931896681 0
3 -1.14031067420618 0
3 -1.06683040082607 0
3 -0.989054377952969 0
3 -0.907295782180433 0
3 -0.821883826517450 0
3 -0.733162434763857 0
3 -0.641488856650582 0
3 -0.547232229321071 0
3 -0.450772090946287 0
3 -0.352496852458465 0
3 -0.252802233557359 0
3 -0.152089669286692 0
3 -0.0507646935969086 0
3 0.0507646935969090 0
3 0.152089669286693 0
3 0.252802233557361 0
3 0.352496852458465 0
3 0.450772090946288 0
3 0.547232229321070 0
3 0.641488856650582 0
3 0.733162434763856 0
3 0.821883826517451 0
3 0.907295782180433 0
3 0.989054377952968 0
3 1.06683040082607 0
3 1.14031067420618 0
3 1.20919931896681 0
3 1.27321894484933 0
3 1.33211176741563 0
3 1.38564064605510 0
3 1.43359003886614 0
3 1.47576687056733 0
3 1.51200130994347 0
3 1.54214745369591 0
3 1.56608391394365 0
3 1.58371430700949 0
3 1.59496764152311 0
3 1.59979860427820 0
3 1.59818774269281 0
3 1.59014154313801 0
3 1.57569240481953 0
3 1.55489850931767 0
3 1.52784358631052 0
3 1.49463657642417 0
3 1.45541119256723 0
3 1.41032538151613 0
3 1.35956068791922 0
3 1.30332152328054 0
3 1.24183434286681 0
3 1.17534673385205 0
3 1.10412641837138 0
3 1.02846017549846 0
3 0.948652686487424 0
3 0.865025307928956 0
3 0.777914777760750 0
3 0.687671859342675 0
3 0.594659929056525 0
3 0.499253513117579 0
3 0.401836779489727 0
3 0.302801990976657 0
3 0.202547925718000 0
3 0.101478271450504 0
3 0 0
4 0 0
4 0 0.101478271450503
4 0 0.202547925717999
4 0 0.302801990976656
4 0 0.401836779489727
4 0 0.499253513117579
4 0 0.594659929056524
4 0 0.687671859342675
4 0 0.777914777760750
4 0 0.865025307928956
4 0 0.948652686487425
4 0 1.02846017549846
4 0 1.10412641837138
4 0 1.17534673385205
4 0 1.24183434286681
4 0 1.30332152328054
4 0 1.35956068791922
4 0 1.41032538151613
4 0 1.45541119256723
4 0 1.49463657642417
4 0 1.52784358631052
4 0 1.55489850931767
4 0 1.57569240481953
4 0 1.59014154313801
4 0 1.59818774269281
4 0 1.59979860427820
4 0 1.59496764152311
4 0 1.58371430700949
4 0 1.56608391394365
4 0 1.54214745369591
4 0 1.51200130994347
4 0 1.47576687056733
4 0 1.43359003886614
4 0 1.38564064605510
4 0 1.33211176741563
4 0 1.27321894484933
4 0 1.20919931896681
4 0 1.14031067420618
4 0 1.06683040082607
4 0 0.989054377952969
4 0 0.907295782180433
4 0 0.821883826517451
4 0 0.733162434763857
4 0 0.641488856650582
4 0 0.547232229321071
4 0 0.450772090946288
4 0 0.352496852458465
4 0 0.252802233557360
4 0 0.152089669286693
4 0 0.0507646935969090
4 0 -0.0507646935969086
4 0 -0.152089669286692
4 0 -0.252802233557360
4 0 -0.352496852458465
4 0 -0.450772090946287
4 0 -0.547232229321070
4 0 -0.641488856650581
4 0 -0.733162434763856
4 0 -0.821883826517450
4 0 -0.907295782180433
4 0 -0.989054377952968
4 0 -1.06683040082607
4 0 -1.14031067420618
4 0 -1.20919931896681
4 0 -1.27321894484933
4 0 -1.33211176741563
4 0 -1.38564064605510
4 0 -1.43359003886614
4 0 -1.47576687056733
4 0 -1.51200130994347
4 0 -1.54214745369591
4 0 -1.56608391394365
4 0 -1.58371430700949
4 0 -1.59496764152311
4 0 -1.59979860427820
4 0 -1.59818774269281
4 0 -1.59014154313801
4 0 -1.57569240481953
4 0 -1.55489850931767
4 0 -1.52784358631052
4 0 -1.49463657642417
4 0 -1.45541119256723
4 0 -1.41032538151613
4 0 -1.35956068791922
4 0 -1.30332152328054
4 0 -1.24183434286681
4 0 -1.17534673385205
4 0 -1.10412641837138
4 0 -1.02846017549846
4 0 -0.948652686487424
4 0 -0.865025307928956
4 0 -0.777914777760750
4 0 -0.687671859342675
4 0 -0.594659929056525
4 0 -0.499253513117579
4 0 -0.401836779489727
4 0 -0.302801990976657
4 0 -0.202547925718000
4 0 -0.101478271450505
4 0 -3.91886975727153e-16
4 -3.91886975727153e-16 0
4 -0.101478271450503 0
4 -0.202547925718000 0
4 -0.302801990976657 0
4 -0.401836779489727 0
4 -0.499253513117579 0
4 -0.594659929056525 0
4 -0.687671859342675 0
4 -0.777914777760750 0
4 -0.865025307928956 0
4 -0.948652686487425 0
4 -1.02846017549846 0
4 -1.10412641837138 0
4 -1.17534673385205 0
4 -1.24183434286681 0
4 -1.30332152328054 0
4 -1.35956068791922 0
4 -1.41032538151613 0
4 -1.45541119256723 0
4 -1.49463657642417 0
4 -1.52784358631052 0
4 -1.55489850931767 0
4 -1.57569240481953 0
4 -1.59014154313801 0
4 -1.59818774269281 0
4 -1.59979860427820 0
4 -1.59496764152311 0
4 -1.58371430700949 0
4 -1.56608391394365 0
4 -1.54214745369591 0
4 -1.51200130994347 0
4 -1.47576687056733 0
4 -1.43359003886614 0
4 -1.38564064605510 0
4 -1.33211176741563 0
4 -1.27321894484933 0
4 -1.20919931896681 0
4 -1.14031067420618 0
4 -1.06683040082607 0
4 -0.989054377952969 0
4 -0.907295782180433 0
4 -0.821883826517450 0
4 -0.733162434763857 0
4 -0.641488856650582 0
4 -0.547232229321071 0
4 -0.450772090946287 0
4 -0.352496852458465 0
4 -0.252802233557359 0
4 -0.152089669286692 0
4 -0.0507646935969086 0
4 0.0507646935969090 0
4 0.152089669286693 0
4 0.252802233557361 0
4 0.352496852458465 0
4 0.450772090946288 0
4 0.547232229321070 0
4 0.641488856650582 0
4 0.733162434763856 0
4 0.821883826517451 0
4 0.907295782180433 0
4 0.989054377952968 0
4 1.06683040082607 0
4 1.14031067420618 0
4 1.20919931896681 0
4 1.27321894484933 0
4 1.33211176741563 0
4 1.38564064605510 0
4 1.43359003886614 0
4 1.47576687056733 0
4 1.51200130994347 0
4 1.54214745369591 0
4 1.56608391394365 0
4 1.58371430700949 0
4 1.59496764152311 0
4 1.59979860427820 0
4 1.59818774269281 0
4 1.59014154313801 0
4 1.57569240481953 0
4 1.55489850931767 0
4 1.52784358631052 0
4 1.49463657642417 0
4 1.45541119256723 0
4 1.41032538151613 0
4 1.35956068791922 0
4 1.30332152328054 0
4 1.24183434286681 0
4 1.17534673385205 0
4 1.10412641837138 0
4 1.02846017549846 0
4 0.948652686487424 0
4 0.865025307928956 0
4 0.777914777760750 0
4 0.687671859342675 0
4 0.594659929056525 0
4 0.499253513117579 0
4 0.401836779489727 0
4 0.302801990976657 0
4 0.202547925718000 0
4 0.101478271450504 0
4 0 0